6 0.275098 0.175909 0.133725 0.026970
5 0.148627 0.323485 0.173333 0.022121
0 0.197255 0.351061 0.270588 0.023333
12 0.140784 0.371970 0.173333 0.023333
4 0.218824 0.398939 0.329412 0.035455
2 0.179020 0.203485 0.129020 0.018485
3 0.223529 0.225606 0.125490 0.028182
9 0.478235 0.610152 0.849020 0.179091
13 0.837843 0.738788 0.085882 0.023636
11 0.839804 0.792727 0.084314 0.023030
14 0.844510 0.820606 0.088235 0.024848
8 0.760000 0.793030 0.032157 0.023636
10 0.842745 0.763485 0.097255 0.022121
7 0.755490 0.764848 0.042745 0.018182
