6 0.797059 0.319636 0.088706 0.021455
2 0.736471 0.343727 0.150118 0.020545
3 0.727059 0.366455 0.144000 0.022364
5 0.178588 0.320636 0.272000 0.021273
4 0.177529 0.388455 0.275529 0.022364
0 0.188000 0.343364 0.285647 0.019818
12 0.128353 0.366000 0.171529 0.019273
9 0.490706 0.499000 0.894353 0.078727
13 0.718706 0.628455 0.094824 0.016909
7 0.685647 0.650455 0.048941 0.019091
8 0.673412 0.671182 0.043294 0.018727
10 0.765765 0.650273 0.075059 0.021636
11 0.720118 0.670273 0.036000 0.019091
14 0.672588 0.691000 0.089176 0.020909
