6 0.794824 0.218455 0.087529 0.020182
2 0.759412 0.241273 0.119765 0.016364
3 0.751529 0.262182 0.117176 0.018909
5 0.139412 0.239545 0.209176 0.021636
0 0.176000 0.259909 0.280941 0.016545
4 0.192353 0.300545 0.316941 0.020727
12 0.109059 0.278727 0.154588 0.020364
9 0.454588 0.472000 0.582118 0.047636
13 0.703412 0.540636 0.076000 0.017636
14 0.704706 0.601727 0.076235 0.016545
11 0.698706 0.561545 0.069412 0.016909
10 0.693294 0.581545 0.060941 0.016909
7 0.634471 0.582818 0.030353 0.015818
7 0.632471 0.562273 0.031059 0.017273
