6 0.903529 0.136364 0.112941 0.024364
9 0.702706 0.410000 0.530118 0.150182
2 0.115059 0.901727 0.146824 0.024545
3 0.116824 0.957091 0.146588 0.025818
5 0.199647 0.501364 0.324941 0.026000
0 0.204588 0.528727 0.331529 0.018909
4 0.197882 0.579364 0.316235 0.022364
12 0.110000 0.553818 0.142353 0.020364
13 0.903176 0.575000 0.099059 0.031455
14 0.881647 0.706091 0.140235 0.035091
11 0.916588 0.652455 0.060941 0.023091
8 0.522588 0.652727 0.037176 0.022545
7 0.608235 0.612909 0.049412 0.021818
10 0.908824 0.612273 0.082588 0.023091
