6 0.896275 0.038333 0.067059 0.019697
2 0.868235 0.061212 0.127059 0.019394
3 0.869020 0.083939 0.125490 0.020000
5 0.865294 0.306970 0.178431 0.021818
0 0.766275 0.331364 0.373333 0.024545
4 0.790392 0.380758 0.325098 0.026364
12 0.869020 0.355909 0.167843 0.021515
9 0.488235 0.603333 0.829804 0.081818
13 0.858431 0.706818 0.042353 0.019697
14 0.846078 0.785303 0.077255 0.020909
11 0.850392 0.756212 0.061569 0.019091
10 0.851373 0.730909 0.063529 0.023030
7 0.770784 0.731212 0.037255 0.018182
8 0.771961 0.756970 0.038039 0.018788
