6 0.663647 0.157091 0.075529 0.014182
2 0.663412 0.179545 0.111765 0.015455
3 0.709882 0.203818 0.110588 0.017818
5 0.688353 0.888364 0.170118 0.017818
4 0.737765 0.945455 0.270353 0.020727
0 0.753647 0.906364 0.296941 0.015273
12 0.670235 0.925545 0.132941 0.016182
9 0.483294 0.519273 0.811765 0.149455
13 0.851176 0.636545 0.049176 0.021091
8 0.724235 0.662273 0.031059 0.014727
7 0.734588 0.688818 0.044706 0.016909
11 0.867882 0.663455 0.077412 0.019636
10 0.868353 0.688091 0.076471 0.017636
14 0.876588 0.740909 0.104235 0.026182
