6 0.894706 0.080364 0.113176 0.022909
2 0.839882 0.102636 0.164941 0.022727
3 0.828824 0.123818 0.159765 0.024000
5 0.249412 0.268545 0.395294 0.027273
0 0.292824 0.299091 0.482118 0.029455
4 0.289412 0.327727 0.481412 0.024909
12 0.178706 0.357545 0.257647 0.028545
9 0.484235 0.531273 0.860706 0.137818
13 0.796706 0.755364 0.111059 0.021273
14 0.756471 0.827727 0.120000 0.021273
11 0.859294 0.803818 0.091765 0.022182
8 0.765294 0.803273 0.043529 0.018545
7 0.774588 0.780000 0.055059 0.017091
10 0.878824 0.780182 0.091294 0.020364
