6 0.203765 0.307727 0.064941 0.020182
2 0.174941 0.330727 0.130118 0.017091
3 0.220000 0.354455 0.127529 0.018727
5 0.682941 0.219182 0.239294 0.037273
0 0.693412 0.249455 0.250353 0.021091
4 0.731176 0.289727 0.325882 0.021636
12 0.642353 0.269455 0.146824 0.018909
9 0.490941 0.532273 0.887294 0.102364
13 0.897294 0.648364 0.052000 0.024727
8 0.721176 0.691364 0.044706 0.036182
7 0.712588 0.738636 0.061882 0.037273
11 0.908588 0.693091 0.067529 0.022909
10 0.908941 0.739182 0.069647 0.020909
14 0.906118 0.807182 0.073882 0.026364
