6 0.248353 0.241091 0.090118 0.023636
2 0.281882 0.274727 0.126588 0.016000
3 0.300353 0.306364 0.127294 0.017091
5 0.699647 0.265273 0.281176 0.017455
0 0.747412 0.291091 0.379529 0.026545
4 0.716824 0.341818 0.316941 0.022545
12 0.642118 0.317455 0.165176 0.022182
9 0.496235 0.519364 0.853647 0.109636
13 0.877176 0.666000 0.099765 0.029091
14 0.873176 0.777636 0.094588 0.029091
11 0.844824 0.734727 0.039294 0.024727
10 0.867176 0.702091 0.084000 0.024182
7 0.691882 0.696818 0.063294 0.030364
8 0.699294 0.735273 0.055529 0.032364
