6 0.222235 0.242455 0.075529 0.017636
2 0.183294 0.264909 0.109647 0.020364
3 0.178706 0.284818 0.114118 0.016909
5 0.686471 0.265273 0.232706 0.017818
0 0.690824 0.287636 0.240471 0.020000
1 0.693529 0.288091 0.253882 0.024909
4 0.726000 0.330091 0.311294 0.019091
12 0.641765 0.309364 0.145647 0.016909
9 0.370941 0.511273 0.604941 0.078545
13 0.642706 0.598636 0.068000 0.014727
14 0.658353 0.716455 0.106824 0.024909
10 0.638824 0.616091 0.062118 0.016182
7 0.577529 0.616909 0.044000 0.017818
8 0.581294 0.633909 0.031294 0.014000
11 0.616000 0.634273 0.016941 0.014000
