6 0.732549 0.083030 0.099608 0.019394
2 0.706078 0.105152 0.181569 0.021212
3 0.818039 0.130303 0.202353 0.018788
5 0.210588 0.207727 0.356078 0.022121
0 0.263333 0.232424 0.456863 0.023030
4 0.260392 0.257424 0.451765 0.021515
12 0.136863 0.283030 0.209412 0.021212
9 0.663137 0.435909 0.590588 0.121515
13 0.896275 0.717273 0.107059 0.021212
14 0.894902 0.797727 0.101176 0.020909
11 0.861373 0.758485 0.034118 0.019394
10 0.886667 0.738636 0.087059 0.020909
7 0.793137 0.737424 0.051373 0.016667
8 0.799412 0.757424 0.043529 0.016667
