6 0.321176 0.596667 0.094118 0.018788
2 0.268039 0.620606 0.154118 0.022424
3 0.257255 0.645455 0.155294 0.022424
5 0.232941 0.704242 0.239216 0.024242
0 0.294118 0.729697 0.361569 0.022424
4 0.281176 0.752576 0.334902 0.021515
12 0.210784 0.774091 0.196471 0.020909
9 0.497451 0.414697 0.783137 0.217879
13 0.823137 0.596667 0.120784 0.026061
14 0.823333 0.680909 0.115686 0.026061
11 0.784706 0.652121 0.043922 0.019394
10 0.819020 0.627273 0.105490 0.024848
7 0.707059 0.626667 0.065882 0.022424
8 0.689804 0.652424 0.043137 0.023030
