6 0.217255 0.205152 0.075294 0.016364
2 0.160588 0.223939 0.109412 0.015758
3 0.246863 0.243182 0.109412 0.019091
5 0.756078 0.181818 0.277647 0.020000
0 0.759804 0.202121 0.278824 0.018788
4 0.751176 0.242424 0.265490 0.022424
12 0.689608 0.221818 0.142353 0.018788
9 0.339804 0.448939 0.578431 0.068788
13 0.597647 0.517576 0.058824 0.016364
7 0.583137 0.537273 0.030588 0.015758
8 0.589608 0.556818 0.038824 0.014848
10 0.612745 0.536364 0.021569 0.015758
11 0.637647 0.555909 0.053333 0.018485
14 0.600196 0.612879 0.063922 0.018485
