6 0.868627 0.402273 0.127843 0.016667
2 0.860000 0.430606 0.145882 0.021818
3 0.841961 0.456364 0.181176 0.019394
5 0.203333 0.469394 0.299216 0.016970
0 0.192745 0.489394 0.274118 0.016364
4 0.172941 0.533182 0.236078 0.022121
12 0.120980 0.510606 0.130588 0.016970
9 0.490588 0.715303 0.862745 0.138485
13 0.880980 0.846970 0.080392 0.018788
14 0.881961 0.944848 0.078431 0.018788
11 0.880980 0.878788 0.078824 0.018182
10 0.882941 0.905758 0.080392 0.019394
8 0.751373 0.880758 0.031373 0.014848
7 0.757647 0.904697 0.041569 0.014848
