6 0.392471 0.239545 0.097882 0.019818
2 0.618235 0.239818 0.133882 0.020364
3 0.850941 0.238818 0.131529 0.017273
5 0.718000 0.075364 0.224706 0.018000
4 0.753412 0.165273 0.293176 0.017818
0 0.756235 0.104545 0.296941 0.020727
12 0.688118 0.134545 0.168706 0.018909
9 0.466118 0.422727 0.854588 0.091273
13 0.848118 0.549727 0.078353 0.024182
14 0.848471 0.644909 0.073882 0.020727
11 0.843647 0.581727 0.060941 0.018000
10 0.843294 0.613364 0.063529 0.019455
8 0.687529 0.583364 0.046118 0.024182
7 0.692353 0.613636 0.036471 0.021455
