6 0.262588 0.310182 0.104941 0.018909
2 0.214118 0.334455 0.123765 0.019455
3 0.302941 0.359000 0.124000 0.019455
5 0.638118 0.335818 0.268706 0.020727
0 0.656941 0.371818 0.306353 0.042909
4 0.674235 0.437455 0.340941 0.025818
12 0.583647 0.409182 0.162118 0.021636
9 0.479412 0.569455 0.788471 0.081091
13 0.306000 0.690091 0.077882 0.020909
14 0.303647 0.752273 0.079765 0.020909
11 0.298706 0.731455 0.071294 0.016727
10 0.298706 0.711273 0.067059 0.017455
8 0.202706 0.734455 0.040235 0.020909
7 0.212941 0.712091 0.046118 0.016909
