6 0.234235 0.156273 0.082118 0.019818
2 0.185647 0.179000 0.108706 0.020909
5 0.711176 0.291455 0.313176 0.026909
4 0.699765 0.335182 0.297882 0.020182
0 0.716353 0.358818 0.320235 0.019455
12 0.631647 0.316636 0.148941 0.018364
9 0.490941 0.521182 0.827059 0.064545
13 0.872235 0.595727 0.056471 0.021273
14 0.852000 0.708364 0.086118 0.018545
11 0.866118 0.662545 0.071529 0.019636
10 0.878471 0.628545 0.041176 0.022909
7 0.790941 0.627727 0.048235 0.020182
8 0.780353 0.663909 0.032235 0.018000
3 0.839765 0.869727 0.115294 0.023091
