2 0.159412 0.184636 0.125412 0.018364
3 0.203765 0.204455 0.118588 0.016909
6 0.823294 0.060909 0.104000 0.014545
5 0.803529 0.179000 0.203294 0.015091
0 0.792235 0.204455 0.188235 0.034727
4 0.822824 0.248364 0.243765 0.017455
12 0.773176 0.231000 0.145882 0.015091
9 0.478941 0.456909 0.897647 0.121818
13 0.714000 0.839364 0.052000 0.016545
8 0.656941 0.860182 0.032471 0.017818
11 0.712000 0.859091 0.044235 0.015636
7 0.722941 0.881091 0.032706 0.017818
10 0.796235 0.880000 0.080000 0.017455
14 0.688941 0.901818 0.083765 0.018182
