6 0.563176 0.304091 0.101412 0.028909
2 0.399294 0.338455 0.137882 0.026000
3 0.663529 0.337727 0.135059 0.024545
9 0.507529 0.521909 0.861176 0.153636
13 0.735529 0.669455 0.091294 0.029818
7 0.729765 0.709909 0.048235 0.022364
10 0.809765 0.712909 0.093882 0.029818
8 0.714824 0.751364 0.036235 0.027818
11 0.792235 0.751636 0.092235 0.029818
14 0.701647 0.792818 0.096000 0.033273
5 0.162471 0.824182 0.210588 0.055273
0 0.222118 0.869364 0.323294 0.028909
4 0.227412 0.899455 0.335294 0.028364
12 0.139412 0.927091 0.160706 0.022909
