6 0.877059 0.286636 0.068941 0.017273
2 0.866588 0.305455 0.095059 0.013818
3 0.865294 0.324091 0.090118 0.016545
5 0.192941 0.270455 0.202353 0.014000
0 0.205882 0.289091 0.229176 0.016727
4 0.195529 0.326636 0.211294 0.017636
12 0.153647 0.307000 0.122824 0.017636
9 0.503176 0.534364 0.846824 0.061455
13 0.878471 0.657273 0.068000 0.017091
14 0.889412 0.722091 0.043294 0.017636
11 0.881059 0.699455 0.053882 0.016000
10 0.899176 0.677727 0.024706 0.019818
7 0.712941 0.678818 0.024471 0.011091
8 0.704471 0.700091 0.024471 0.010727
