6 0.554118 0.092545 0.068706 0.013455
2 0.520353 0.108364 0.101882 0.013818
3 0.514588 0.125273 0.103059 0.017455
5 0.494706 0.206636 0.157882 0.016545
0 0.525529 0.224909 0.211529 0.017455
4 0.544706 0.264091 0.255529 0.018727
12 0.480706 0.243273 0.124235 0.015636
9 0.478235 0.417818 0.770588 0.046909
13 0.823882 0.494091 0.033176 0.015818
14 0.835647 0.563455 0.062824 0.012727
11 0.825176 0.514182 0.034824 0.014182
10 0.835412 0.530909 0.060471 0.015273
8 0.700706 0.513182 0.025882 0.012909
7 0.745882 0.531182 0.025412 0.012909
