6 0.558941 0.145182 0.126824 0.018727
2 0.504000 0.163455 0.222118 0.020727
3 0.605765 0.185545 0.209647 0.022000
5 0.737529 0.294182 0.273176 0.024000
0 0.739529 0.317455 0.461176 0.018909
4 0.732353 0.366000 0.369176 0.031273
12 0.731647 0.339818 0.175294 0.019636
9 0.491294 0.622000 0.920000 0.226182
13 0.273294 0.838545 0.120706 0.022545
14 0.215412 0.922000 0.121647 0.024000
8 0.242118 0.894636 0.044706 0.024909
7 0.262588 0.866455 0.064000 0.025636
11 0.347176 0.893818 0.126353 0.024727
10 0.375882 0.867545 0.127294 0.020182
